Elf no		 Item count		 Total Calories
0		8		44427

1		2		40383

2		13		58734

3		12		64403

4		15		53853

5		14		59014

6		11		52646

7		5		48440

8		10		56752

9		12		53498

10		3		17283

11		12		39035

12		5		49054

13		2		62711

14		4		36760

15		8		54374

16		5		28438

17		6		39710

18		12		59883

19		6		38023

20		10		33359

21		7		47304

22		11		56005

23		10		44347

24		10		52786

25		13		43029

26		14		55906

27		9		53806

28		2		31650

29		10		51149

30		2		18417

31		13		47955

32		4		55582

33		12		41580

34		5		46316

35		6		62968

36		2		55469

37		9		40621

38		1		65379

39		6		31931

40		7		27871

41		7		50869

42		15		56749

43		1		5984

44		2		43650

45		5		41394

46		4		24969

47		8		51310

48		4		39670

49		7		55418

50		4		16996

51		2		60700

52		2		45881

53		8		37073

54		2		36490

55		5		44369

56		8		37539

57		15		46157

58		2		7587

59		7		43471

60		11		49039

61		3		32364

62		5		36830

63		2		4390

64		12		62635

65		9		45177

66		4		21829

67		15		51853

68		9		52153

69		2		18078

70		1		12239

71		10		55649

72		8		46225

73		11		45388

74		13		46289

75		2		18364

76		9		56281

77		13		45657

78		1		25366

79		14		51341

80		12		48205

81		15		58043

82		14		47028

83		12		51892

84		4		47597

85		9		28678

86		4		36074

87		15		52838

88		13		54827

89		9		45818

90		9		49410

91		3		36577

92		1		61232

93		6		47404

94		11		36847

95		3		64857

96		6		52584

97		2		42739

98		2		41188

99		14		57913

100		13		60353

101		11		49855

102		1		15557

103		15		49404

104		12		44346

105		10		45985

106		7		45826

107		7		52805

108		2		32008

109		3		57539

110		12		57709

111		13		46815

112		10		71124

113		10		50587

114		6		43541

115		13		53502

116		7		47536

117		7		43844

118		6		49822

119		10		49694

120		5		38270

121		5		44594

122		13		54694

123		1		67422

124		13		47537

125		1		16783

126		3		52981

127		8		59294

128		3		53187

129		11		47469

130		2		43411

131		8		33204

132		7		51155

133		6		38015

134		8		55490

135		6		31910

136		9		55006

137		5		31267

138		5		39270

139		1		61504

140		13		61920

141		14		51065

142		4		51260

143		13		46704

144		1		33909

145		15		49454

146		3		51472

147		6		45219

148		14		53330

149		10		41102

150		2		49395

151		7		48046

152		13		51853

153		1		10776

154		10		52304

155		5		59527

156		13		55696

157		7		59371

158		1		46998

159		6		49150

160		2		9238

161		1		25613

162		6		30352

163		10		46530

164		5		31285

165		14		51615

166		15		54340

167		14		52704

168		12		38025

169		6		43640

170		5		37595

171		15		50799

172		11		52556

173		5		24632

174		7		44822

175		12		57393

176		4		49433

177		12		48324

178		2		46019

179		15		55821

180		1		3832

181		2		66093

182		14		54961

183		14		59783

184		11		50915

185		6		39779

186		9		37755

187		5		28497

188		10		47730

189		9		51621

190		9		50434

191		8		51758

192		1		2320

193		10		57181

194		8		37312

195		6		51356

196		1		58470

197		5		37726

198		6		41928

199		6		52954

200		13		50909

201		10		55354

202		3		42309

203		3		60273

204		13		48176

205		10		27901

206		7		50494

207		7		32654

208		9		38599

209		13		44239

210		10		30792

211		12		49655

212		4		34677

213		3		28479

214		9		36388

215		9		44355

216		4		39550

217		9		39782

218		6		39261

219		11		50706

220		10		53964

221		15		64212

222		4		35888

223		2		47937

224		10		65721

225		1		16756

226		14		43456

227		3		48939

228		10		55025

229		13		41607

230		11		58801

231		12		62813

232		3		29677

233		11		51956

234		7		52483

235		15		55255

236		7		51480

237		9		50905

238		5		52552

239		12		55559

240		8		46462

241		9		47071

242		9		43445

243		15		58004

244		8		27775

245		8		51401

246		15		58155

247		2		59307

248		9		48770

249		9		46870

250		2		41900

251		7		56938

252		7		39553

253		1		17936

254		11		58503

255		7		46102

256		6		44902

257		1		50344

258		10		49719

elf 112 with 10 items and 71124 calories has the maximum calories
elf 123 with 1 item and 67422 calories has the 2nd largest calories
elf 181 with 2 item and 66093 calories has the 3rd largest calories
the sum of the three calories is 204639
